Christmas Party Survival
Gas:35.000000:12/5/2017:
Apparel:5.000000:12/5/2017:
Food:34.000000:12/5/2017:
