Summer Budget
Medical:56.000000:12/5/2017:
PublicTransportation:100.000000:12/5/2017:
Apparel:43.000000:12/5/2017:
Gas:65.000000:12/5/2017:
