Vacation Budget
Food:300.000000:12/5/2017:
Miscellaneous:400.000000:12/5/2017:
PublicTransportation:100.000000:12/5/2017:
Entertainment:300.000000:12/5/2017:
