Christmas Present Budget
Apparel:100.000000:12/6/2017:
Luxury:500.000000:12/6/2017:
Gas:75.000000:12/6/2017:
Food:300.000000:12/6/2017:
