Fall budget
Food:40.000000:11/1/2017:
Luxury:30.000000:11/1/2017:
Education:5000.000000:11/1/2017:
Gas:82.000000:11/1/2017:
VacationGoalExpense:100.000000:11/1/2017:
