Fall budget
Food:65.000000:11/1/2017:
Luxury:23.000000:11/1/2017:
Education:55.000000:11/1/2017:
Gas:80.000000:11/1/2017:
VacationGoalExpense:45.000000:11/1/2017:
