Moscow Budget
Food:35.000000:11/1/2017:
Luxury:56.000000:11/1/2017:
Apparel:78.000000:11/1/2017:
