Moscow Budget
Food:400.000000:11/1/2017:
Luxury:300.000000:11/1/2017:
Apparel:200.000000:11/1/2017:
