NYC Budget
Food:150.000000:12/7/2017:
Miscellaneous:200.000000:12/7/2017:
Apparel:50.000000:12/7/2017:
PersonalCare:70.000000:12/7/2017:
PublicTransportation:35.000000:12/7/2017:
