Summer Budget
Luxury:23.000000:11/1/2017:
Entertainment:45.000000:11/1/2017:
SavingsGoalExpense:1500.000000:11/1/2017:
Apparel:100.000000:11/1/2017:
Food:200.000000:11/1/2017:
Gas:75.000000:11/1/2017:
