Food:10.230000:11/15/2017:Golden Coral,Gas:20.680000:11/15/2017:Shell
Apparel:25.240000:11/17/2017:sandals,Entertainment:15.250000:11/17/2017:bowling,Food:15.370000:11/17/2017:Panera
Gas:22.340000:11/23/2017:Shell
Education:45.230000:11/30/2017:Java 9 for Programmers book