Food:11.150000:2/05/2017:Mc Donalds Cheese Burger,PersonalCare:30.560000:2/05/2017:Shaving cream and razor
Apparel:25.240000:2/17/2017:Levi's T-shirt,Entertainment:15.250000:2/17/2017:Movie theaters
Medical:1500.370000:2/19/2017:broken arm,PublicTransportation:5.000000:2/19/2017:via bus
Gas:25.340000:2/23/2017:
Luxury:22.000000:2/27/2017:Bud Lite 6-pack