Entertainment:64.560000:12/01/2017:Call of Duty WW2,Food:23.690000:12/1/2017:McDonalds,Entertainment:40.520000:12/1/2017:Battlefield 1,Entertainment:952.830000:12/1/2017:Acer x34 Predator,Food:10.420000:12/1/2017:Subway
Gas:22.000000:12/2/2017:Heb gas,PublicTransportation:5.000000:12/2/2017:Via Bus
Food:6.530000:12/3/2017:Chilis Happy Hour Wings
Medical:8.000000:12/4/2017:Band Aids,Food:10.000000:12/4/2017:Subway,Apparel:70.000000:12/4/2017:Nike Shoes